0.0011387981625 -9.7830554937197 
0.002277596325 -9.57838206944262 
0.0034163944875 -9.3775935561381 
0.00455519265 -9.18061621422164 
0.0056939908125 -8.98737770376149 
0.006832788975 -8.7978070579118 
0.0079715871375 -8.61183465685006 
0.0091103853 -8.42939220220921 
0.0102491834625 -8.25041269199508 
0.011387981625 -8.07483039597985 
0.0125267797875 -7.90258083156272 
0.01366557795 -7.73360074008858 
0.0148043761125 -7.56782806361632 
0.015943174275 -7.40520192212804 
0.0170819724375 -7.24566259117085 
0.0182207706 -7.08915147992308 
0.0193595687625 -6.9356111096768 
0.020498366925 -6.78498509272875 
0.0216371650875 -6.63721811167195 
0.02277596325 -6.49225589908042 
0.0239147614125 -6.35004521757942 
0.025053559575 -6.21053384029405 
0.0261923577375 -6.07367053166893 
0.0273311559 -5.93940502865192 
0.0284699540625 -5.80768802223504 
0.029608752225 -5.67847113934573 
0.0307475503875 -5.55170692508181 
0.03188634855 -5.42734882528372 
0.0330251467125 -5.30535116943744 
0.034163944875 -5.18566915390205 
0.0353027430375 -5.06825882545557 
0.0364415412 -4.95307706515312 
0.0375803393625 -4.84008157249152 
0.038719137525 -4.7292308498744 
0.0398579356875 -4.62048418737222 
0.04099673385 -4.51380164777158 
0.0421355320125 -4.40914405190821 
0.043274330175 -4.30647296427846 
0.0444131283375 -4.20575067892389 
0.0455519265 -4.10694020558369 
0.0466907246625 -4.01000525611005 
0.047829522825 -3.91491023114134 
0.0489683209875 -3.82162020702823 
0.05010711915 -3.73010092300796 
0.0512459173125 -3.64031876862212 
0.052384715475 -3.55224077137316 
0.0535235136375 -3.4658345846153 
0.0546623118 -3.38106847567516 
0.0558011099625 -3.29791131419796 
0.056939908125 -3.21633256071492 
0.0580787062875 -3.1363022554276 
0.05921750445 -3.0577910072052 
0.0603563026125 -2.98076998279063 
0.061495100775 -2.90521089621153 
0.0626338989375 -2.83108599839223 
0.0637726971 -2.7583680669629 
0.0649114952625 -2.68703039626215 
0.066050293425 -2.61704678752933 
0.0671890915875 -2.54839153928312 
0.06832788975 -2.48103943788255 
0.0694666879125 -2.4149657482674 
0.070605486075 -2.35014620487416 
0.0717442842375 -2.28655700272457 
0.0728830824 -2.22417478868317 
0.0740218805625 -2.16297665288094 
0.075160678725 -2.10294012030159 
0.0762994768875 -2.04404314252764 
0.07743827505 -1.98626408964313 
0.0785770732125 -1.92958174229001 
0.079715871375 -1.87397528387538 
0.0808546695375 -1.81942429292657 
0.0819934677 -1.76590873559132 
0.0831322658625 -1.71340895828042 
0.084271064025 -1.66190568044986 
0.0854098621875 -1.6113799875201 
0.08654866035 -1.56181332392964 
0.0876874585125 -1.51318748632056 
0.088826256675 -1.46548461685326 
0.0899650548375 -1.41868719664822 
0.091103853 -1.37277803935218 
0.0922426511625 -1.32774028482643 
0.093381449325 -1.28355739295496 
0.0945202474875 -1.24021313757005 
0.09565904565 -1.19769160049329 
0.0967978438125 -1.15597716568955 
0.097936641975 -1.11505451353201 
0.0990754401375 -1.07490861517607 
0.1002142383 -1.03552472703997 
0.1013530364625 -0.99688838539018 
0.102491834625 -0.958985401029671 
0.1036306327875 -0.92180185408687 
0.10476943095 -0.885324088903606 
0.1059082291125 -0.849538709020073 
0.107047027275 -0.814432572254975 
0.1081858254375 -0.779992785879064 
0.1093246236 -0.746206701880278 
0.1104634217625 -0.713061912318767 
0.111602219925 -0.680546244770071 
0.1127410180875 -0.648647757854797 
0.11387981625 -0.617354736853151 
0.1150186144125 -0.586655689402705 
0.116157412575 -0.556539341277824 
0.1172962107375 -0.526994632249211 
0.1184350089 -0.498010712022036 
0.1195738070625 -0.469576936251163 
0.120712605225 -0.441682862632017 
0.1218514033875 -0.414318247065646 
0.12299020155 -0.387473039896575 
0.1241289997125 -0.361137382222072 
0.125267797875 -0.335301602271464 
0.1264065960375 -0.309956211854179 
0.1275453942 -0.285091902875208 
0.1286841923625 -0.260699543916709 
0.129822990525 -0.236770176884491 
0.1309617886875 -0.213295013718155 
0.13210058685 -0.190265433163678 
0.1332393850125 -0.16767297760726 
0.134378183175 -0.145509349969259 
0.1355169813375 -0.123766410657097 
0.1366557795 -0.102436174575986 
0.1377945776625 -0.0815108081964091 
0.138933375825 -0.0609826266772504 
0.1400721739875 -0.0408440910435417 
0.14121097215 -0.0210878054177721 
0.1423497703125 -0.00170651430375046 
0.143488568475 0.0173069000779731 
0.1446273666375 0.0359594204041132 
0.1457661648 0.0542578968130381 
0.1469049629625 0.0722090494204811 
0.148043761125 0.0898194707875045 
0.1491825592875 0.107095628341618 
0.15032135745 0.124043866751941 
0.1514601556125 0.140670410259281 
0.152598953775 0.15698136496199 
0.1537377519375 0.172982721058425 
0.1548765501 0.18868035504685 
0.1560153482625 0.204080031883582 
0.157154146425 0.219187407100168 
0.1582929445875 0.234008028880382 
0.15943174275 0.248547340097793 
0.1605705409125 0.262810680314663 
0.161709339075 0.276803287742898 
0.1628481372375 0.290530301167785 
0.1639869354 0.303996761835209 
0.1651257335625 0.31720761530305 
0.166264531725 0.330167713257441 
0.1674033298875 0.342881815294549 
0.16854212805 0.355354590668536 
0.1696809262125 0.367590620006345 
0.170819724375 0.379594396989931 
0.1719585225375 0.391370330006572 
0.1730973207 0.402922743767842 
0.1742361188625 0.414255880897868 
0.175374917025 0.425373903491429 
0.1765137151875 0.436280894642489 
0.17765251335 0.446980859943709 
0.1787913115125 0.457477728957507 
0.179930109675 0.467775356659184 
0.1810689078375 0.477877524852667 
0.182207706 0.487787943559375 
0.1833465041625 0.497510252380726 
0.184485302325 0.50704802183478 
0.1856241004875 0.51640475466751 
0.18676289865 0.525583887139189 
0.1879016968125 0.534588790286354 
0.189040494975 0.543422771159819 
0.1901792931375 0.552089074039192 
0.1913180913 0.560590881624335 
0.1924568894625 0.568931316204209 
0.193595687625 0.577113440803538 
0.1947344857875 0.585140260307704 
0.19587328395 0.59301472256629 
0.1970120821125 0.600739719475675 
0.198150880275 0.608318088041091 
0.1992896784375 0.615752611418506 
0.2004284766 0.623046019936742 
0.2015672747625 0.630200992100185 
0.202706072925 0.637220155572468 
0.2038448710875 0.644106088141483 
0.20498366925 0.650861318666066 
0.2061224674125 0.657488328004729 
0.207261265575 0.66398954992675 
0.2084000637375 0.670367372005977 
0.2095388619 0.676624136497664 
0.2106776600625 0.682762141198663 
0.211816458225 0.688783640291292 
0.2129552563875 0.694690845171182 
0.21409405455 0.700485925259414 
0.2152328527125 0.706171008799237 
0.216371650875 0.711748183637664 
0.2175104490375 0.717219497992239 
0.2186492472 0.72258696120324 
0.2197880453625 0.727852544471611 
0.220926843525 0.733018181582886 
0.2220656416875 0.73808576961737 
0.22320443985 0.743057169646845 
0.2243432380125 0.747934207418046 
0.225482036175 0.752718674023167 
0.2266208343375 0.75741232655764 
0.2277596325 0.762016888765427 
0.2288984306625 0.766534051672069 
0.230037228825 0.770965474205711 
0.2311760269875 0.775312783806343 
0.23231482515 0.779577577023481 
0.2334536233125 0.783761420102498 
0.234592421475 0.787865849559827 
0.2357312196375 0.791892372747247 
0.2368700178 0.795842468405459 
0.2380088159625 0.799717587207152 
0.239147614125 0.803519152289764 
0.2402864122875 0.807248559778128 
0.24142521045 0.810907179297199 
0.2425640086125 0.81449635447505 
0.243702806775 0.81801740343632 
0.2448416049375 0.821471619286291 
0.2459804031 0.824860270585786 
0.2471192012625 0.828184601817045 
0.248257999425 0.831445833840762 
0.2493967975875 0.834645164344446 
0.25053559575 0.837783768282273 
0.2516743939125 0.840862798306586 
0.252813192075 0.843883385191206 
0.2539519902375 0.846846638246713 
0.2550907884 0.849753645727835 
0.2562295865625 0.852605475233112 
0.257368384725 0.855403174096973 
0.2585071828875 0.858147769774368 
0.25964598105 0.860840270218099 
0.2607847792125 0.863481664248996 
0.261923577375 0.866072921919054 
0.2630623755375 0.868614994867693 
0.2642011737 0.871108816671239 
0.2653399718625 0.873555303185789 
0.266478770025 0.87595535288355 
0.2676175681875 0.87830984718281 
0.26875636635 0.880619650771635 
0.2698951645125 0.882885611925428 
0.271033962675 0.885108562818456 
0.2721727608375 0.887289319829469 
0.273311559 0.889428683841509 
0.2744503571625 0.891527440536044 
0.275589155325 0.8935863606815 
0.2767279534875 0.895606200416331 
0.27786675165 0.89758770152671 
0.2790055498125 0.899531591718949 
0.280144347975 0.901438584886751 
0.2812831461375 0.903309381373385 
0.2824219443 0.905144668228887 
0.2835607424625 0.906945119462384 
0.284699540625 0.908711396289618 
0.2858383387875 0.910444147375779 
0.28697713695 0.91214400907373 
0.2881159351125 0.913811605657704 
0.289254733275 0.915447549552573 
0.2903935314375 0.917052441558755 
0.2915323296 0.918626871072865 
0.2926711277625 0.920171416304164 
0.293809925925 0.921686644486912 
0.2949487240875 0.923173112088681 
0.29608752225 0.92463136501472 
0.2972263204125 0.926061938808439 
0.298365118575 0.927465358848083 
0.2995039167375 0.928842140539684 
0.3006427149 0.930192789506339 
0.3017815130625 0.9315178017739 
0.302920311225 0.932817663953142 
0.3040591093875 0.934092853418471 
0.30519790755 0.935343838483236 
0.3063367057125 0.93657107857172 
0.307475503875 0.937775024387866 
0.3086143020375 0.938956118080791 
0.3097531002 0.940114793407172 
0.3108918983625 0.94125147589054 
0.312030696525 0.942366582977553 
0.3131694946875 0.943460524191307 
0.31430829285 0.944533701281728 
0.3154470910125 0.945586508373118 
0.316585889175 0.946619332108898 
0.3177246873375 0.9476325517936 
0.3188634855 0.948626539532168 
0.3200022836625 0.949601660366614 
0.321141081825 0.95055827241008 
0.3222798799875 0.951496726978351 
0.32341867815 0.952417368718882 
0.3245574763125 0.953320535737367 
0.325696274475 0.954206559721907 
0.3268350726375 0.955075766064822 
0.3279738708 0.955928473982155 
0.3291126689625 0.956764996630901 
0.330251467125 0.957585641224017 
0.3313902652875 0.95839070914324 
0.33252906345 0.959180496049776 
0.3336678616125 0.959955291992879 
0.334806659775 0.960715381516369 
0.3359454579375 0.961461043763137 
0.3370842561 0.962192552577652 
0.3382230542625 0.962910176606538 
0.339361852425 0.963614179397231 
0.3405006505875 0.964304819494765 
0.34163944875 0.964982350536728 
0.3427782469125 0.965647021346403 
0.343917045075 0.966299076024156 
0.3450558432375 0.966938754037076 
0.3461946414 0.967566290306925 
0.3473334395625 0.968181915296406 
0.348472237725 0.968785855093805 
0.3496110358875 0.969378331496023 
0.35074983405 0.969959562090026 
0.3518886322125 0.97052976033276 
0.353027430375 0.971089135629536 
0.3541662285375 0.971637893410943 
0.3553050267 0.972176235208281 
0.3564438248625 0.972704358727586 
0.357582623025 0.973222457922227 
0.3587214211875 0.973730723064141 
0.35986021935 0.974229340813709 
0.3609990175125 0.974718494288307 
0.362137815675 0.975198363129556 
0.3632766138375 0.975669123569295 
0.364415412 0.976130948494302 
0.3655542101625 0.976584007509788 
0.366693008325 0.977028467001683 
0.3678318064875 0.977464490197743 
0.36897060465 0.977892237227492 
0.3701094028125 0.978311865181033 
0.371248200975 0.97872352816674 
0.3723869991375 0.979127377367848 
0.3735257973 0.979523561097984 
0.3746645954625 0.979912224855629 
0.375803393625 0.980293511377552 
0.3769421917875 0.980667560691235 
0.37808098995 0.981034510166294 
0.3792197881125 0.98139449456493 
0.380358586275 0.981747646091417 
0.3814973844375 0.982094094440659 
0.3826361826 0.982433966845818 
0.3837749807625 0.982767388125039 
0.384913778925 0.983094480727293 
0.3860525770875 0.983415364777342 
0.38719137525 0.983730158119858 
0.3883301734125 0.984038976362702 
0.389468971575 0.984341932919377 
0.3906077697375 0.984639139050683 
0.3917465679 0.984930703905577 
0.3928853660625 0.985216734561256 
0.394024164225 0.985497336062483 
0.3951629623875 0.985772611460162 
0.39630176055 0.986042661849188 
0.3974405587125 0.98630758640557 
0.398579356875 0.986567482422856 
0.3997181550375 0.986822445347862 
0.4008569532 0.987072568815725 
0.4019957513625 0.987317944684293 
0.403134549525 0.987558663067858 
0.4042733476875 0.987794812370249 
0.40541214585 0.988026479317301 
0.4065509440125 0.988253748988705 
0.407689742175 0.988476704849249 
0.4088285403375 0.988695428779478 
0.4099673385 0.988910001105757 
0.4111061366625 0.989120500629778 
0.412244934825 0.989327004657492 
0.4133837329875 0.989529589027508 
0.41452253115 0.989728328138939 
0.4156613293125 0.989923294978726 
0.416800127475 0.990114561148443 
0.4179389256375 0.990302196890595 
0.4190777238 0.990486271114411 
0.4202165219625 0.990666851421151 
0.421355320125 0.990844004128937 
0.4224941182875 0.991017794297103 
0.42363291645 0.991188285750091 
0.4247717146125 0.99135554110089 
0.425910512775 0.991519621774028 
0.4270493109375 0.991680588028138 
0.4281881091 0.991838498978076 
0.4293269072625 0.991993412616643 
0.430465705425 0.992145385835874 
0.4316045035875 0.992294474447936 
0.43274330175 0.992440733205624 
0.4338820999125 0.992584215822469 
0.435020898075 0.992724974992465 
0.4361596962375 0.992863062409419 
0.4372984944 0.992998528785936 
0.4384372925625 0.993131423872045 
0.439576090725 0.993261796473469 
0.4407148888875 0.993389694469548 
0.44185368705 0.993515164830822 
0.4429924852125 0.993638253636283 
0.444131283375 0.993759006090298 
0.4452700815375 0.993877466539207 
0.4464088797 0.993993678487611 
0.4475476778625 0.994107684614349 
0.448686476025 0.994219526788175 
0.4498252741875 0.994329246083128 
0.45096407235 0.99443688279362 
0.4521028705125 0.994542476449235 
0.453241668675 0.994646065829245 
0.4543804668375 0.994747688976851 
0.455519265 0.994847383213156 
